saveMD5 = 9d5bfb0217db2cda9e275e5540eb08fe
vesselCount = 0
UT = 264.140465698274
gameMode = CAREER
gameNull = False
gameCompatible = True
funds = 127270.37034130096
science = 9
reputationPercent = 1
ongoingContracts = 1
saveMD5 = 9d5bfb0217db2cda9e275e5540eb08fe
