vesselCount = 1
UT = 39042.294184871047
gameMode = CAREER
gameNull = False
gameCompatible = True
funds = 453404.35827537993
science = 19
reputationPercent = 24
ongoingContracts = 7
missionCurrentScore = 0
missionIsStarted = False
missionIsEnded = False
missionHistoryId = 00000000-0000-0000-0000-000000000000
saveMD5 = 8a78290dedd299c597e60f4c6b1f7610
