vesselCount = 5
UT = 876433.58532104187
gameMode = CAREER
gameNull = False
gameCompatible = True
funds = 925901.28668100573
science = 36
reputationPercent = 50
ongoingContracts = 12
missionCurrentScore = 0
missionIsStarted = False
missionIsEnded = False
missionHistoryId = 00000000-0000-0000-0000-000000000000
saveMD5 = 881c3cb18a7c51aabed182584c1dd7f9
