vesselCount = 6
UT = 1112190.9192920018
gameMode = CAREER
gameNull = False
gameCompatible = True
funds = 1239731.457729585
science = 2
reputationPercent = 54
ongoingContracts = 13
missionCurrentScore = 0
missionIsStarted = False
missionIsEnded = False
missionHistoryId = 00000000-0000-0000-0000-000000000000
saveMD5 = 5151add8ce8bfc3be7ae5b1c23a0deaa
