vesselCount = 0
UT = 18734.120340747097
gameMode = CAREER
gameNull = False
gameCompatible = True
funds = 255351.47310656263
science = 21
reputationPercent = 20
ongoingContracts = 5
missionCurrentScore = 0
missionIsStarted = False
missionIsEnded = False
missionHistoryId = 00000000-0000-0000-0000-000000000000
saveMD5 = 22f7b0de4a6b39cc418d85ec178aeeb5
