vesselCount = 4
UT = 635622.85042407189
gameMode = CAREER
gameNull = False
gameCompatible = True
funds = 566102.87957886327
science = 20
reputationPercent = 47
ongoingContracts = 11
missionCurrentScore = 0
missionIsStarted = False
missionIsEnded = False
missionHistoryId = 00000000-0000-0000-0000-000000000000
saveMD5 = 42110374901aa26abcc96c742a1e0814
