vesselCount = 0
UT = 4930.5396875020597
gameMode = CAREER
gameNull = False
gameCompatible = True
funds = 88976.42063561891
science = 44
reputationPercent = 10
ongoingContracts = 5
missionCurrentScore = 0
missionIsStarted = False
missionIsEnded = False
missionHistoryId = 00000000-0000-0000-0000-000000000000
saveMD5 = 1bb9d55f12986b2651672a42f5182109
