vesselCount = 0
UT = 5622.3216711468904
gameMode = CAREER
gameNull = False
gameCompatible = True
funds = 102309.26299134706
science = 44
reputationPercent = 12
ongoingContracts = 4
missionCurrentScore = 0
missionIsStarted = False
missionIsEnded = False
missionHistoryId = 00000000-0000-0000-0000-000000000000
saveMD5 = 8d16b5ec31965679c93c42dcd3cd6a4f
