vesselCount = 5
UT = 876427.30532103602
gameMode = CAREER
gameNull = False
gameCompatible = True
funds = 925901.28668100573
science = 126
reputationPercent = 50
ongoingContracts = 12
missionCurrentScore = 0
missionIsStarted = False
missionIsEnded = False
missionHistoryId = 00000000-0000-0000-0000-000000000000
saveMD5 = 9aa40c7b8b3bbfb10e65db555ce12233
