vesselCount = 6
UT = 1057306.7691196066
gameMode = CAREER
gameNull = False
gameCompatible = True
funds = 714286.8924372266
science = 0
reputationPercent = 50
ongoingContracts = 14
missionCurrentScore = 0
missionIsStarted = False
missionIsEnded = False
missionHistoryId = 00000000-0000-0000-0000-000000000000
saveMD5 = 612e6bd66b4a9761585815ad468e2b4d
