vesselCount = 5
UT = 434798.0407519911
gameMode = CAREER
gameNull = False
gameCompatible = True
funds = 747866.53296225041
science = 107
reputationPercent = 40
ongoingContracts = 12
missionCurrentScore = 0
missionIsStarted = False
missionIsEnded = False
missionHistoryId = 00000000-0000-0000-0000-000000000000
saveMD5 = 635c34d403cac695340cf11ac7544f75
