vesselCount = 0
UT = 19404.264510680718
gameMode = CAREER
gameNull = False
gameCompatible = True
funds = 252114.66921251966
science = 1
reputationPercent = 20
ongoingContracts = 5
missionCurrentScore = 0
missionIsStarted = False
missionIsEnded = False
missionHistoryId = 00000000-0000-0000-0000-000000000000
saveMD5 = 22c21c68954ec212ddde9a670638e40f
