vesselCount = 4
UT = 788564.90836978902
gameMode = CAREER
gameNull = False
gameCompatible = True
funds = 844313.46778960351
science = 65
reputationPercent = 48
ongoingContracts = 13
missionCurrentScore = 0
missionIsStarted = False
missionIsEnded = False
missionHistoryId = 00000000-0000-0000-0000-000000000000
saveMD5 = 6303613e0f3a5b55f51b15250f250882
