vesselCount = 0
UT = 2447.8120135479644
gameMode = CAREER
gameNull = False
gameCompatible = True
funds = 193379.63869978487
science = 35
reputationPercent = 6
ongoingContracts = 5
missionCurrentScore = 0
missionIsStarted = False
missionIsEnded = False
missionHistoryId = 00000000-0000-0000-0000-000000000000
saveMD5 = 7c4fb9413f264fbcef2b415178f2cfef
