saveMD5 = 6665fde765430ef107e41c7960dcb0e0
vesselCount = 0
UT = 734.02818542449006
gameMode = CAREER
gameNull = False
gameCompatible = True
funds = 186907.56674289703
science = 28
reputationPercent = 4
ongoingContracts = 3
saveMD5 = 6665fde765430ef107e41c7960dcb0e0
