vesselCount = 2
UT = 325172.42743618897
gameMode = CAREER
gameNull = False
gameCompatible = True
funds = 347083.78024574416
science = 57
reputationPercent = 32
ongoingContracts = 7
missionCurrentScore = 0
missionIsStarted = False
missionIsEnded = False
missionHistoryId = 00000000-0000-0000-0000-000000000000
saveMD5 = 0ec190912a82c107899efdc17f3956b3
