vesselCount = 0
UT = 4173.6168206771945
gameMode = CAREER
gameNull = False
gameCompatible = True
funds = 75647.19186154817
science = 44
reputationPercent = 10
ongoingContracts = 5
missionCurrentScore = 0
missionIsStarted = False
missionIsEnded = False
missionHistoryId = 00000000-0000-0000-0000-000000000000
saveMD5 = 073691e77e72938301feb021352514d7
