vesselCount = 0
UT = 2546.6120135478745
gameMode = CAREER
gameNull = False
gameCompatible = True
funds = 200165.0108026645
science = 36
reputationPercent = 6
ongoingContracts = 5
missionCurrentScore = 0
missionIsStarted = False
missionIsEnded = False
missionHistoryId = 00000000-0000-0000-0000-000000000000
saveMD5 = 44fd4faa06293d6b4f06fda27b62bc16
