vesselCount = 0
UT = 39849.867267083035
gameMode = CAREER
gameNull = False
gameCompatible = True
funds = 481653.94334169844
science = 19
reputationPercent = 26
ongoingContracts = 6
missionCurrentScore = 0
missionIsStarted = False
missionIsEnded = False
missionHistoryId = 00000000-0000-0000-0000-000000000000
saveMD5 = 3d17114e9e6e2d0ac955d3bbaee7e2b0
