vesselCount = 1
UT = 342151.56148250308
gameMode = CAREER
gameNull = False
gameCompatible = True
funds = 215450.88442178859
science = 108
reputationPercent = 33
ongoingContracts = 8
missionCurrentScore = 0
missionIsStarted = False
missionIsEnded = False
missionHistoryId = 00000000-0000-0000-0000-000000000000
saveMD5 = 482a6f916242b32759969f7e6ecbc8d4
