vesselCount = 3
UT = 647164.54321584548
gameMode = CAREER
gameNull = False
gameCompatible = True
funds = 619988.5093186819
science = 20
reputationPercent = 48
ongoingContracts = 10
missionCurrentScore = 0
missionIsStarted = False
missionIsEnded = False
missionHistoryId = 00000000-0000-0000-0000-000000000000
saveMD5 = 8a455036946feca85f94f4d0e93e0557
