vesselCount = 0
UT = 3309.9004071019913
gameMode = CAREER
gameNull = False
gameCompatible = True
funds = 239984.82011167024
science = 40
reputationPercent = 9
ongoingContracts = 4
missionCurrentScore = 0
missionIsStarted = False
missionIsEnded = False
missionHistoryId = 00000000-0000-0000-0000-000000000000
saveMD5 = 7fec8315cf254c7cb660b55d28cbddd6
