vesselCount = 6
UT = 1112187.3992919985
gameMode = CAREER
gameNull = False
gameCompatible = True
funds = 1239731.457729585
science = 342
reputationPercent = 54
ongoingContracts = 13
missionCurrentScore = 0
missionIsStarted = False
missionIsEnded = False
missionHistoryId = 00000000-0000-0000-0000-000000000000
saveMD5 = 2e408bcb0b5a32a40f397f67525ac963
